,AM J PSYCHOL.csv,AM PSYCHOL.csv,BEHAV BRAIN SCI.csv,BEHAV PROCESS.csv,BRIT J PSYCHOL.csv,CHILD DEV.csv,COGNITION INSTRUCT.csv,COGNITION.csv,COGNITIVE PSYCHOL.csv,COGNITIVE SCI.csv,CONTEMP EDUC PSYCHOL.csv,DEV PSYCHOL.csv,DEV REV.csv,HUM FACTORS.csv,INT J HUM-COMPUT ST.csv,INT J SCI EDUC.csv,J CHILD LANG.csv,J COMP PSYCHOL.csv,J COMPUT ASSIST LEAR.csv,J EDUC PSYCHOL.csv,J EXP PSYCHOL ANIM B.csv,J EXP PSYCHOL GEN.csv,J EXP PSYCHOL LEARN.csv,J HUM EVOL.csv,J LEARN SCI.csv,J MEM LANG.csv,J PERS SOC PSYCHOL.csv,J PRAGMATICS.csv,J PSYCHOLINGUIST RES.csv,J RES SCI TEACH.csv,LEARN INSTR.csv,MEM COGNITION.csv,MONOGR SOC RES CHILD.csv,ORGAN BEHAV HUM DEC.csv,PHILOS PSYCHOL.csv,PSYCHOL REV.csv,PSYCHOL SCI.csv,PSYCHON B REV.csv,TRAV HUMAIN.csv
AM J PSYCHOL.csv,23.0,16.0,0.0,0.0,9.0,12.0,0.0,4.0,27.0,12.0,2.0,5.0,0.0,0.0,0.0,0.0,0.0,0.0,0.0,17.0,0.0,14.0,84.0,0.0,0.0,11.0,4.0,0.0,0.0,0.0,2.0,49.0,0.0,6.0,0.0,47.0,13.0,9.0,0.0
AM PSYCHOL.csv,40.0,411.0,15.0,0.0,3.0,40.0,0.0,8.0,4.0,2.0,0.0,40.0,4.0,0.0,0.0,0.0,0.0,2.0,0.0,13.0,2.0,2.0,2.0,0.0,0.0,0.0,198.0,0.0,0.0,0.0,0.0,0.0,10.0,4.0,5.0,75.0,21.0,0.0,0.0
BEHAV BRAIN SCI.csv,6.0,32.0,126.0,8.0,3.0,8.0,0.0,52.0,41.0,30.0,0.0,8.0,0.0,0.0,0.0,0.0,0.0,17.0,0.0,0.0,23.0,14.0,33.0,3.0,0.0,44.0,32.0,0.0,13.0,0.0,0.0,13.0,0.0,3.0,0.0,194.0,19.0,15.0,0.0
BEHAV PROCESS.csv,3.0,2.0,5.0,70.0,3.0,0.0,0.0,0.0,0.0,0.0,0.0,2.0,0.0,0.0,0.0,0.0,0.0,21.0,0.0,0.0,83.0,2.0,3.0,0.0,0.0,0.0,0.0,0.0,0.0,0.0,0.0,4.0,0.0,0.0,0.0,32.0,3.0,13.0,0.0
BRIT J PSYCHOL.csv,7.0,7.0,4.0,0.0,30.0,4.0,0.0,12.0,12.0,5.0,2.0,8.0,0.0,3.0,0.0,0.0,0.0,0.0,0.0,22.0,0.0,6.0,21.0,0.0,0.0,3.0,17.0,0.0,0.0,0.0,0.0,22.0,0.0,2.0,0.0,35.0,10.0,6.0,0.0
CHILD DEV.csv,0.0,55.0,13.0,0.0,6.0,594.0,0.0,42.0,23.0,3.0,0.0,275.0,24.0,0.0,0.0,0.0,46.0,0.0,0.0,13.0,0.0,14.0,6.0,0.0,0.0,9.0,73.0,0.0,0.0,0.0,0.0,8.0,67.0,0.0,0.0,49.0,21.0,5.0,0.0
COGNITION INSTRUCT.csv,0.0,6.0,3.0,0.0,0.0,10.0,27.0,7.0,12.0,12.0,0.0,11.0,0.0,0.0,0.0,5.0,0.0,0.0,0.0,14.0,0.0,0.0,2.0,0.0,3.0,2.0,0.0,0.0,0.0,22.0,3.0,3.0,7.0,0.0,0.0,10.0,2.0,0.0,0.0
COGNITION.csv,10.0,5.0,28.0,0.0,11.0,49.0,8.0,177.0,64.0,24.0,0.0,28.0,2.0,0.0,2.0,0.0,27.0,6.0,0.0,7.0,0.0,14.0,46.0,0.0,0.0,55.0,7.0,0.0,11.0,0.0,0.0,37.0,11.0,0.0,0.0,97.0,25.0,14.0,0.0
COGNITIVE PSYCHOL.csv,7.0,11.0,10.0,0.0,7.0,5.0,0.0,42.0,45.0,22.0,0.0,4.0,0.0,0.0,0.0,0.0,0.0,0.0,0.0,3.0,0.0,18.0,43.0,0.0,0.0,27.0,5.0,0.0,4.0,0.0,0.0,25.0,0.0,0.0,0.0,71.0,9.0,6.0,0.0
COGNITIVE SCI.csv,10.0,8.0,33.0,7.0,8.0,23.0,5.0,20.0,19.0,35.0,0.0,11.0,0.0,0.0,2.0,0.0,7.0,64.0,0.0,0.0,13.0,7.0,14.0,8.0,2.0,8.0,18.0,0.0,0.0,0.0,0.0,10.0,10.0,14.0,0.0,34.0,9.0,2.0,0.0
CONTEMP EDUC PSYCHOL.csv,0.0,15.0,0.0,0.0,0.0,26.0,5.0,0.0,10.0,12.0,38.0,7.0,4.0,0.0,0.0,0.0,0.0,0.0,0.0,121.0,0.0,0.0,11.0,0.0,0.0,0.0,32.0,0.0,0.0,4.0,0.0,16.0,0.0,0.0,0.0,19.0,0.0,2.0,0.0
DEV PSYCHOL.csv,0.0,31.0,10.0,0.0,4.0,489.0,0.0,46.0,19.0,5.0,0.0,294.0,17.0,0.0,0.0,0.0,30.0,0.0,0.0,15.0,0.0,5.0,11.0,0.0,0.0,7.0,67.0,0.0,2.0,0.0,0.0,16.0,30.0,0.0,0.0,46.0,11.0,4.0,0.0
DEV REV.csv,0.0,27.0,12.0,0.0,2.0,139.0,4.0,19.0,17.0,10.0,2.0,76.0,24.0,0.0,0.0,2.0,24.0,0.0,0.0,37.0,0.0,0.0,0.0,0.0,2.0,2.0,35.0,0.0,2.0,7.0,0.0,7.0,24.0,0.0,0.0,26.0,5.0,0.0,0.0
HUM FACTORS.csv,0.0,10.0,0.0,0.0,0.0,0.0,0.0,0.0,5.0,11.0,0.0,0.0,0.0,132.0,4.0,0.0,0.0,0.0,0.0,4.0,0.0,0.0,2.0,0.0,3.0,0.0,2.0,0.0,0.0,2.0,0.0,4.0,0.0,6.0,0.0,7.0,2.0,0.0,3.0
INT J HUM-COMPUT ST.csv,0.0,3.0,0.0,0.0,3.0,0.0,0.0,2.0,13.0,29.0,0.0,0.0,0.0,28.0,46.0,0.0,0.0,0.0,0.0,0.0,0.0,2.0,2.0,0.0,0.0,2.0,26.0,0.0,0.0,0.0,0.0,3.0,0.0,8.0,0.0,19.0,0.0,0.0,3.0
INT J SCI EDUC.csv,0.0,3.0,0.0,0.0,0.0,2.0,19.0,2.0,8.0,12.0,0.0,0.0,0.0,0.0,0.0,193.0,0.0,0.0,2.0,13.0,0.0,0.0,3.0,0.0,21.0,2.0,0.0,0.0,0.0,171.0,11.0,0.0,0.0,0.0,0.0,4.0,0.0,0.0,0.0
J CHILD LANG.csv,0.0,0.0,3.0,0.0,2.0,29.0,0.0,33.0,5.0,5.0,0.0,35.0,2.0,0.0,0.0,0.0,134.0,0.0,0.0,0.0,0.0,0.0,4.0,0.0,0.0,7.0,2.0,3.0,5.0,0.0,0.0,2.0,21.0,0.0,0.0,8.0,2.0,0.0,0.0
J COMP PSYCHOL.csv,3.0,4.0,11.0,10.0,0.0,17.0,0.0,11.0,4.0,2.0,0.0,14.0,3.0,0.0,0.0,0.0,7.0,128.0,0.0,0.0,29.0,0.0,0.0,12.0,0.0,0.0,0.0,0.0,0.0,0.0,0.0,0.0,3.0,0.0,0.0,9.0,7.0,2.0,0.0
J COMPUT ASSIST LEAR.csv,0.0,2.0,0.0,0.0,0.0,0.0,14.0,3.0,2.0,17.0,0.0,0.0,0.0,6.0,2.0,0.0,0.0,0.0,13.0,16.0,0.0,3.0,5.0,0.0,4.0,4.0,0.0,0.0,0.0,0.0,6.0,3.0,0.0,0.0,0.0,5.0,0.0,0.0,0.0
J EDUC PSYCHOL.csv,3.0,25.0,3.0,0.0,5.0,96.0,24.0,15.0,12.0,8.0,26.0,59.0,10.0,4.0,0.0,0.0,3.0,0.0,0.0,316.0,0.0,9.0,16.0,0.0,4.0,18.0,47.0,0.0,0.0,5.0,6.0,15.0,4.0,6.0,0.0,27.0,5.0,2.0,0.0
J EXP PSYCHOL ANIM B.csv,5.0,2.0,4.0,21.0,0.0,0.0,0.0,9.0,5.0,0.0,0.0,0.0,0.0,0.0,0.0,0.0,0.0,20.0,0.0,0.0,138.0,3.0,2.0,0.0,0.0,0.0,0.0,0.0,0.0,0.0,0.0,2.0,0.0,0.0,0.0,60.0,11.0,3.0,0.0
J EXP PSYCHOL GEN.csv,17.0,11.0,20.0,0.0,14.0,5.0,0.0,24.0,46.0,5.0,0.0,3.0,0.0,3.0,0.0,0.0,0.0,5.0,0.0,0.0,6.0,69.0,92.0,0.0,0.0,34.0,36.0,0.0,3.0,0.0,0.0,44.0,0.0,4.0,0.0,95.0,21.0,32.0,0.0
J EXP PSYCHOL LEARN.csv,45.0,18.0,26.0,0.0,43.0,10.0,0.0,87.0,126.0,24.0,3.0,12.0,2.0,11.0,3.0,0.0,0.0,0.0,0.0,17.0,5.0,153.0,676.0,0.0,0.0,192.0,38.0,0.0,9.0,0.0,0.0,301.0,0.0,21.0,0.0,360.0,45.0,71.0,0.0
J HUM EVOL.csv,0.0,0.0,3.0,0.0,0.0,0.0,0.0,0.0,0.0,0.0,0.0,0.0,0.0,0.0,0.0,0.0,0.0,0.0,0.0,0.0,0.0,0.0,0.0,443.0,0.0,0.0,0.0,0.0,0.0,0.0,0.0,0.0,0.0,0.0,0.0,0.0,0.0,0.0,0.0
J LEARN SCI.csv,0.0,4.0,0.0,0.0,0.0,0.0,8.0,0.0,4.0,14.0,0.0,0.0,0.0,0.0,0.0,2.0,0.0,0.0,0.0,4.0,0.0,0.0,0.0,0.0,31.0,0.0,0.0,0.0,0.0,12.0,4.0,0.0,0.0,0.0,0.0,0.0,0.0,0.0,0.0
J MEM LANG.csv,12.0,6.0,22.0,0.0,13.0,4.0,0.0,79.0,59.0,14.0,0.0,7.0,2.0,0.0,0.0,0.0,3.0,2.0,0.0,5.0,0.0,36.0,257.0,0.0,0.0,235.0,2.0,6.0,15.0,0.0,0.0,112.0,0.0,0.0,0.0,153.0,22.0,35.0,0.0
J PERS SOC PSYCHOL.csv,5.0,126.0,9.0,0.0,7.0,104.0,0.0,6.0,21.0,2.0,0.0,63.0,0.0,0.0,0.0,0.0,0.0,0.0,0.0,10.0,0.0,10.0,27.0,0.0,0.0,3.0,1886.0,0.0,0.0,0.0,0.0,6.0,11.0,53.0,0.0,236.0,49.0,4.0,0.0
J PRAGMATICS.csv,0.0,0.0,3.0,0.0,0.0,3.0,0.0,5.0,7.0,8.0,0.0,2.0,0.0,0.0,0.0,0.0,14.0,0.0,0.0,0.0,0.0,20.0,2.0,0.0,2.0,7.0,5.0,117.0,4.0,0.0,0.0,2.0,0.0,0.0,0.0,8.0,3.0,0.0,0.0
J PSYCHOLINGUIST RES.csv,0.0,0.0,5.0,0.0,0.0,2.0,0.0,51.0,20.0,8.0,0.0,3.0,0.0,0.0,0.0,0.0,2.0,0.0,0.0,0.0,0.0,15.0,34.0,0.0,0.0,82.0,4.0,4.0,50.0,0.0,0.0,8.0,0.0,0.0,0.0,30.0,4.0,0.0,0.0
J RES SCI TEACH.csv,0.0,4.0,2.0,0.0,0.0,4.0,11.0,2.0,0.0,7.0,2.0,10.0,3.0,0.0,0.0,68.0,0.0,0.0,0.0,15.0,0.0,0.0,0.0,0.0,15.0,3.0,2.0,0.0,0.0,316.0,5.0,0.0,0.0,0.0,0.0,8.0,0.0,0.0,0.0
LEARN INSTR.csv,0.0,5.0,0.0,0.0,0.0,7.0,9.0,0.0,3.0,8.0,0.0,8.0,0.0,0.0,2.0,7.0,0.0,0.0,0.0,18.0,0.0,0.0,0.0,0.0,6.0,0.0,5.0,0.0,0.0,8.0,42.0,2.0,0.0,0.0,0.0,7.0,0.0,0.0,0.0
MEM COGNITION.csv,27.0,19.0,17.0,0.0,33.0,5.0,2.0,80.0,97.0,36.0,4.0,10.0,6.0,0.0,0.0,0.0,3.0,0.0,0.0,25.0,6.0,93.0,459.0,0.0,0.0,168.0,37.0,0.0,14.0,0.0,0.0,323.0,0.0,6.0,0.0,214.0,52.0,63.0,0.0
MONOGR SOC RES CHILD.csv,0.0,6.0,0.0,0.0,0.0,33.0,0.0,3.0,9.0,0.0,0.0,25.0,3.0,0.0,0.0,0.0,18.0,0.0,0.0,0.0,0.0,3.0,4.0,0.0,0.0,0.0,0.0,0.0,0.0,0.0,0.0,3.0,10.0,0.0,0.0,10.0,0.0,0.0,0.0
ORGAN BEHAV HUM DEC.csv,3.0,20.0,2.0,0.0,0.0,3.0,0.0,6.0,18.0,7.0,0.0,0.0,0.0,0.0,0.0,0.0,0.0,0.0,0.0,2.0,0.0,8.0,24.0,0.0,0.0,0.0,136.0,0.0,0.0,0.0,0.0,15.0,0.0,198.0,0.0,63.0,9.0,2.0,0.0
PHILOS PSYCHOL.csv,0.0,6.0,22.0,0.0,0.0,10.0,0.0,11.0,4.0,10.0,0.0,2.0,0.0,0.0,0.0,0.0,0.0,0.0,0.0,0.0,0.0,3.0,2.0,0.0,0.0,0.0,0.0,0.0,0.0,0.0,0.0,2.0,0.0,0.0,10.0,13.0,4.0,0.0,0.0
PSYCHOL REV.csv,14.0,14.0,15.0,4.0,13.0,26.0,0.0,55.0,59.0,16.0,0.0,13.0,0.0,0.0,0.0,0.0,0.0,0.0,0.0,4.0,36.0,30.0,113.0,0.0,0.0,37.0,138.0,0.0,0.0,0.0,0.0,76.0,2.0,49.0,0.0,306.0,20.0,20.0,0.0
PSYCHOL SCI.csv,7.0,36.0,14.0,0.0,9.0,35.0,0.0,37.0,25.0,2.0,0.0,21.0,0.0,0.0,0.0,0.0,5.0,2.0,0.0,9.0,9.0,38.0,36.0,0.0,0.0,22.0,93.0,0.0,2.0,0.0,0.0,29.0,5.0,4.0,0.0,76.0,71.0,18.0,0.0
PSYCHON B REV.csv,12.0,8.0,8.0,0.0,15.0,7.0,0.0,41.0,47.0,8.0,0.0,7.0,0.0,0.0,0.0,0.0,0.0,53.0,0.0,6.0,2.0,56.0,265.0,0.0,0.0,92.0,0.0,0.0,4.0,0.0,0.0,162.0,0.0,0.0,0.0,197.0,36.0,70.0,0.0
TRAV HUMAIN.csv,0.0,0.0,2.0,0.0,0.0,0.0,3.0,2.0,0.0,7.0,0.0,0.0,0.0,10.0,2.0,0.0,0.0,0.0,0.0,11.0,0.0,0.0,0.0,0.0,0.0,4.0,5.0,0.0,0.0,0.0,0.0,2.0,0.0,0.0,0.0,0.0,0.0,0.0,15.0
