,ACTA PSYCHOL.csv,BEHAV BRAIN SCI.csv,CHILD DEV.csv,COGN NEUROPSYCHOL.csv,COGN PROCESS.csv,COGNITION.csv,COGNITIVE PSYCHOL.csv,COGNITIVE SCI.csv,COMPUT EDUC.csv,COMPUT HUM BEHAV.csv,DEV PSYCHOL.csv,DEVELOPMENTAL SCI.csv,EDUC PSYCHOL REV.csv,FRONT PSYCHOL.csv,INSTR SCI.csv,J CHILD LANG.csv,J COGNITIVE NEUROSCI.csv,J EDUC PSYCHOL.csv,J EXP CHILD PSYCHOL.csv,J EXP PSYCHOL GEN.csv,J EXP PSYCHOL HUMAN.csv,J EXP PSYCHOL LEARN.csv,J MEM LANG.csv,J PERS SOC PSYCHOL.csv,J PHONETICS.csv,LANG COGNITIVE PROC.csv,LEARN INSTR.csv,MEM COGNITION.csv,NEUROPSYCHOLOGIA.csv,NEW IDEAS PSYCHOL.csv,PSYCHOL BULL.csv,PSYCHOL REV.csv,PSYCHOL SCI.csv,PSYCHON B REV.csv,Q J EXP PSYCHOL.csv,TOP COGN SCI.csv,TRENDS COGN SCI.csv,WIRES COGN SCI.csv
ACTA PSYCHOL.csv,255.0,49.0,25.0,20.0,9.0,153.0,82.0,40.0,0.0,0.0,31.0,24.0,0.0,55.0,0.0,0.0,89.0,6.0,55.0,144.0,330.0,193.0,98.0,68.0,0.0,17.0,16.0,148.0,157.0,0.0,120.0,181.0,175.0,196.0,115.0,0.0,111.0,0.0
BEHAV BRAIN SCI.csv,4.0,112.0,44.0,2.0,2.0,54.0,12.0,11.0,0.0,0.0,24.0,30.0,0.0,15.0,0.0,4.0,23.0,2.0,4.0,11.0,22.0,13.0,6.0,172.0,7.0,0.0,0.0,4.0,24.0,0.0,43.0,72.0,93.0,10.0,7.0,4.0,82.0,3.0
CHILD DEV.csv,5.0,16.0,859.0,5.0,0.0,158.0,49.0,18.0,0.0,0.0,550.0,147.0,10.0,4.0,0.0,37.0,17.0,77.0,139.0,28.0,17.0,25.0,14.0,94.0,14.0,6.0,7.0,13.0,24.0,5.0,116.0,50.0,140.0,21.0,11.0,0.0,46.0,3.0
COGN NEUROPSYCHOL.csv,4.0,10.0,0.0,152.0,3.0,42.0,11.0,5.0,0.0,0.0,2.0,2.0,0.0,9.0,0.0,0.0,48.0,3.0,3.0,11.0,31.0,29.0,63.0,0.0,0.0,47.0,0.0,13.0,105.0,0.0,0.0,36.0,11.0,23.0,8.0,0.0,36.0,0.0
COGN PROCESS.csv,27.0,24.0,6.0,5.0,25.0,53.0,29.0,27.0,0.0,2.0,7.0,3.0,3.0,20.0,0.0,0.0,32.0,6.0,9.0,35.0,55.0,30.0,31.0,36.0,0.0,9.0,0.0,59.0,53.0,0.0,40.0,62.0,50.0,37.0,21.0,4.0,52.0,0.0
COGNITION.csv,79.0,85.0,156.0,29.0,4.0,482.0,114.0,85.0,0.0,4.0,113.0,110.0,2.0,75.0,0.0,17.0,95.0,10.0,65.0,136.0,145.0,189.0,230.0,96.0,17.0,47.0,0.0,112.0,82.0,2.0,92.0,215.0,248.0,131.0,71.0,16.0,173.0,3.0
COGNITIVE PSYCHOL.csv,26.0,22.0,24.0,8.0,0.0,142.0,84.0,51.0,0.0,0.0,25.0,30.0,0.0,10.0,0.0,21.0,11.0,4.0,22.0,45.0,59.0,90.0,86.0,8.0,0.0,24.0,0.0,55.0,8.0,0.0,28.0,137.0,63.0,51.0,14.0,5.0,39.0,5.0
COGNITIVE SCI.csv,19.0,46.0,72.0,20.0,2.0,148.0,79.0,121.0,2.0,2.0,41.0,24.0,8.0,14.0,8.0,19.0,24.0,25.0,23.0,59.0,34.0,83.0,49.0,35.0,2.0,25.0,13.0,37.0,19.0,2.0,28.0,209.0,67.0,40.0,22.0,13.0,73.0,6.0
COMPUT EDUC.csv,5.0,3.0,21.0,0.0,0.0,4.0,14.0,27.0,953.0,249.0,13.0,5.0,81.0,2.0,70.0,0.0,2.0,158.0,4.0,13.0,0.0,19.0,0.0,30.0,0.0,0.0,126.0,10.0,3.0,4.0,53.0,21.0,12.0,5.0,5.0,2.0,15.0,0.0
COMPUT HUM BEHAV.csv,21.0,14.0,33.0,0.0,0.0,15.0,17.0,22.0,483.0,1934.0,63.0,2.0,78.0,7.0,33.0,0.0,7.0,162.0,2.0,26.0,16.0,48.0,6.0,496.0,0.0,0.0,143.0,26.0,16.0,2.0,240.0,92.0,106.0,18.0,8.0,4.0,20.0,0.0
DEV PSYCHOL.csv,20.0,23.0,878.0,5.0,2.0,160.0,60.0,17.0,0.0,0.0,832.0,169.0,5.0,13.0,0.0,49.0,34.0,82.0,147.0,49.0,25.0,46.0,35.0,268.0,3.0,17.0,3.0,35.0,49.0,2.0,235.0,91.0,167.0,37.0,9.0,4.0,55.0,2.0
DEVELOPMENTAL SCI.csv,13.0,18.0,216.0,7.0,4.0,178.0,36.0,13.0,0.0,0.0,150.0,177.0,0.0,20.0,0.0,26.0,70.0,23.0,106.0,36.0,21.0,25.0,25.0,19.0,5.0,3.0,5.0,17.0,50.0,0.0,38.0,32.0,103.0,16.0,9.0,0.0,64.0,0.0
EDUC PSYCHOL REV.csv,3.0,18.0,37.0,0.0,0.0,8.0,22.0,21.0,13.0,4.0,26.0,14.0,85.0,0.0,9.0,0.0,9.0,119.0,13.0,14.0,2.0,22.0,13.0,18.0,0.0,0.0,37.0,26.0,5.0,0.0,19.0,41.0,22.0,30.0,7.0,5.0,14.0,0.0
FRONT PSYCHOL.csv,410.0,509.0,667.0,105.0,44.0,996.0,407.0,231.0,35.0,52.0,573.0,352.0,40.0,1297.0,12.0,84.0,692.0,178.0,411.0,556.0,915.0,722.0,486.0,837.0,75.0,118.0,38.0,482.0,931.0,57.0,721.0,1027.0,1131.0,652.0,301.0,71.0,1156.0,44.0
INSTR SCI.csv,0.0,0.0,14.0,0.0,0.0,2.0,3.0,20.0,21.0,15.0,7.0,0.0,35.0,0.0,93.0,0.0,0.0,104.0,3.0,6.0,0.0,5.0,2.0,12.0,0.0,0.0,74.0,6.0,0.0,0.0,15.0,10.0,13.0,3.0,0.0,0.0,0.0,0.0
J CHILD LANG.csv,2.0,8.0,95.0,0.0,0.0,102.0,35.0,24.0,0.0,0.0,70.0,50.0,0.0,8.0,0.0,235.0,4.0,10.0,20.0,5.0,17.0,15.0,79.0,0.0,23.0,38.0,0.0,4.0,6.0,0.0,6.0,18.0,41.0,3.0,3.0,2.0,18.0,2.0
J COGNITIVE NEUROSCI.csv,30.0,38.0,17.0,49.0,2.0,108.0,39.0,9.0,0.0,0.0,14.0,26.0,0.0,49.0,0.0,2.0,611.0,3.0,15.0,59.0,114.0,58.0,43.0,38.0,3.0,21.0,0.0,40.0,385.0,0.0,65.0,120.0,129.0,66.0,29.0,4.0,310.0,2.0
J EDUC PSYCHOL.csv,2.0,0.0,126.0,0.0,3.0,18.0,12.0,33.0,23.0,10.0,96.0,19.0,49.0,0.0,18.0,4.0,0.0,437.0,52.0,15.0,0.0,23.0,21.0,102.0,0.0,6.0,43.0,20.0,4.0,0.0,60.0,45.0,37.0,11.0,7.0,8.0,8.0,2.0
J EXP CHILD PSYCHOL.csv,28.0,29.0,511.0,10.0,0.0,196.0,53.0,27.0,0.0,2.0,352.0,230.0,0.0,21.0,0.0,33.0,32.0,105.0,410.0,69.0,49.0,89.0,68.0,34.0,2.0,6.0,12.0,58.0,54.0,0.0,70.0,55.0,171.0,45.0,35.0,3.0,78.0,6.0
J EXP PSYCHOL GEN.csv,52.0,72.0,48.0,5.0,3.0,166.0,130.0,52.0,0.0,0.0,42.0,24.0,6.0,43.0,0.0,4.0,61.0,13.0,29.0,239.0,187.0,290.0,101.0,539.0,2.0,12.0,2.0,192.0,50.0,3.0,204.0,418.0,386.0,219.0,78.0,7.0,160.0,4.0
J EXP PSYCHOL HUMAN.csv,141.0,52.0,16.0,17.0,10.0,160.0,149.0,24.0,0.0,0.0,9.0,12.0,0.0,53.0,0.0,0.0,116.0,2.0,25.0,143.0,891.0,162.0,62.0,45.0,27.0,27.0,2.0,110.0,146.0,2.0,97.0,268.0,275.0,298.0,113.0,11.0,185.0,2.0
J EXP PSYCHOL LEARN.csv,60.0,40.0,5.0,5.0,0.0,147.0,150.0,44.0,0.0,0.0,14.0,11.0,3.0,30.0,3.0,0.0,52.0,18.0,20.0,177.0,200.0,595.0,275.0,35.0,0.0,42.0,5.0,323.0,54.0,2.0,116.0,368.0,142.0,265.0,108.0,5.0,84.0,4.0
J MEM LANG.csv,25.0,37.0,25.0,17.0,0.0,165.0,99.0,48.0,0.0,0.0,15.0,21.0,0.0,28.0,0.0,37.0,46.0,3.0,25.0,81.0,62.0,337.0,469.0,2.0,17.0,115.0,0.0,132.0,16.0,0.0,43.0,158.0,91.0,153.0,52.0,7.0,32.0,2.0
J PERS SOC PSYCHOL.csv,3.0,31.0,62.0,0.0,0.0,25.0,9.0,6.0,0.0,2.0,63.0,5.0,2.0,2.0,0.0,0.0,12.0,24.0,2.0,39.0,5.0,17.0,6.0,1617.0,0.0,0.0,0.0,4.0,3.0,0.0,257.0,175.0,317.0,13.0,0.0,2.0,26.0,0.0
J PHONETICS.csv,2.0,7.0,0.0,0.0,0.0,47.0,21.0,24.0,0.0,0.0,5.0,6.0,0.0,4.0,0.0,3.0,2.0,0.0,0.0,7.0,28.0,19.0,65.0,0.0,388.0,20.0,0.0,5.0,5.0,0.0,0.0,29.0,19.0,12.0,4.0,0.0,7.0,0.0
LANG COGNITIVE PROC.csv,0.0,0.0,0.0,0.0,0.0,0.0,0.0,0.0,0.0,0.0,0.0,0.0,0.0,0.0,0.0,0.0,0.0,0.0,0.0,0.0,0.0,0.0,0.0,0.0,0.0,0.0,0.0,0.0,0.0,0.0,0.0,0.0,0.0,0.0,0.0,0.0,0.0,0.0
LEARN INSTR.csv,6.0,6.0,43.0,0.0,0.0,9.0,17.0,32.0,8.0,25.0,28.0,9.0,82.0,0.0,31.0,0.0,0.0,256.0,31.0,19.0,0.0,32.0,11.0,43.0,0.0,0.0,204.0,26.0,0.0,2.0,37.0,26.0,20.0,10.0,2.0,3.0,11.0,0.0
MEM COGNITION.csv,26.0,21.0,9.0,7.0,0.0,80.0,61.0,24.0,0.0,0.0,10.0,8.0,0.0,5.0,2.0,0.0,38.0,33.0,12.0,129.0,63.0,469.0,235.0,54.0,2.0,30.0,2.0,341.0,31.0,0.0,64.0,203.0,108.0,181.0,60.0,0.0,64.0,3.0
NEUROPSYCHOLOGIA.csv,78.0,97.0,44.0,111.0,6.0,187.0,77.0,32.0,0.0,0.0,48.0,69.0,0.0,122.0,0.0,4.0,772.0,12.0,45.0,145.0,187.0,202.0,114.0,64.0,10.0,54.0,0.0,118.0,1244.0,0.0,111.0,200.0,238.0,99.0,74.0,5.0,477.0,7.0
NEW IDEAS PSYCHOL.csv,2.0,16.0,16.0,0.0,0.0,23.0,2.0,20.0,0.0,0.0,12.0,2.0,0.0,8.0,0.0,2.0,0.0,0.0,0.0,2.0,12.0,7.0,9.0,45.0,5.0,2.0,0.0,5.0,0.0,49.0,17.0,39.0,20.0,11.0,0.0,6.0,13.0,0.0
PSYCHOL BULL.csv,19.0,39.0,96.0,7.0,2.0,52.0,27.0,15.0,0.0,12.0,124.0,27.0,3.0,7.0,0.0,2.0,25.0,46.0,18.0,52.0,39.0,126.0,56.0,334.0,0.0,3.0,2.0,82.0,26.0,0.0,263.0,138.0,167.0,54.0,30.0,0.0,51.0,3.0
PSYCHOL REV.csv,22.0,20.0,7.0,0.0,0.0,19.0,28.0,12.0,0.0,0.0,11.0,5.0,0.0,12.0,0.0,0.0,13.0,2.0,0.0,37.0,61.0,46.0,18.0,113.0,0.0,0.0,0.0,20.0,10.0,0.0,39.0,266.0,50.0,36.0,14.0,4.0,38.0,0.0
PSYCHOL SCI.csv,17.0,39.0,82.0,4.0,2.0,91.0,52.0,18.0,3.0,0.0,72.0,46.0,2.0,24.0,0.0,3.0,46.0,35.0,28.0,85.0,69.0,80.0,38.0,367.0,6.0,8.0,7.0,47.0,45.0,2.0,148.0,122.0,397.0,65.0,17.0,0.0,115.0,2.0
PSYCHON B REV.csv,72.0,53.0,37.0,16.0,0.0,154.0,109.0,62.0,0.0,0.0,29.0,36.0,2.0,41.0,0.0,6.0,72.0,0.0,23.0,159.0,291.0,242.0,92.0,43.0,4.0,36.0,0.0,152.0,77.0,0.0,89.0,265.0,266.0,298.0,61.0,5.0,102.0,6.0
Q J EXP PSYCHOL.csv,69.0,45.0,41.0,19.0,3.0,193.0,110.0,25.0,0.0,0.0,22.0,30.0,0.0,41.0,0.0,6.0,41.0,17.0,57.0,140.0,260.0,397.0,220.0,48.0,13.0,66.0,0.0,214.0,56.0,0.0,81.0,193.0,154.0,217.0,180.0,10.0,86.0,2.0
TOP COGN SCI.csv,6.0,43.0,7.0,9.0,0.0,59.0,20.0,28.0,0.0,0.0,9.0,4.0,0.0,28.0,0.0,3.0,20.0,0.0,0.0,16.0,11.0,20.0,12.0,3.0,2.0,6.0,0.0,18.0,18.0,0.0,14.0,97.0,31.0,24.0,8.0,59.0,29.0,3.0
TRENDS COGN SCI.csv,11.0,46.0,33.0,11.0,6.0,75.0,33.0,19.0,0.0,0.0,34.0,39.0,0.0,26.0,0.0,3.0,86.0,4.0,9.0,44.0,23.0,50.0,28.0,46.0,3.0,4.0,0.0,25.0,69.0,0.0,49.0,68.0,110.0,33.0,18.0,9.0,218.0,3.0
WIRES COGN SCI.csv,9.0,33.0,48.0,15.0,0.0,77.0,37.0,46.0,0.0,0.0,27.0,25.0,0.0,23.0,0.0,12.0,31.0,0.0,11.0,28.0,29.0,41.0,14.0,48.0,3.0,6.0,0.0,20.0,31.0,2.0,27.0,100.0,65.0,19.0,15.0,6.0,45.0,13.0
